DQN:
  gamma: 0.99
  alpha: 0.00025
  epsilon: 1.0
  epsilon_min: 0.1
  epsilon_decay: 0.00001
  batch_size: 256
  memory_size: 100_000
  C: 1000